
Map Output for Mapper1
(3, (0.800000011920929, 9.800000190734863))
(2, (7.300000190734863, 2.299999952316284))
(0, (11.5, -1.899999976158142))
(2, (8.5, 2.700000047683716))
(2, (8.300000190734863, 2.9000000953674316))
(3, (-1.600000023841858, 7.400000095367432))
(3, (-1.7000000476837158, 7.5))
(3, (-1.7999999523162842, 7.599999904632568))
(2, (9.5, 1.5))
(4, (10.5, -0.10000000149011612))

Partition Output for Mapper1
Partition 1
(0, (11.5, -1.899999976158142))
(4, (10.5, -0.10000000149011612))

Partition 2

Partition 3
(2, (7.300000190734863, 2.299999952316284))
(2, (8.5, 2.700000047683716))
(2, (8.300000190734863, 2.9000000953674316))
(2, (9.5, 1.5))

Partition 4
(3, (0.800000011920929, 9.800000190734863))
(3, (-1.600000023841858, 7.400000095367432))
(3, (-1.7000000476837158, 7.5))
(3, (-1.7999999523162842, 7.599999904632568))

Map Output for Mapper1
(3, (0.800000011920929, 9.800000190734863))
(2, (7.300000190734863, 2.299999952316284))
(0, (11.5, -1.899999976158142))
(2, (8.5, 2.700000047683716))
(2, (8.300000190734863, 2.9000000953674316))
(3, (-1.600000023841858, 7.400000095367432))
(3, (-1.7000000476837158, 7.5))
(3, (-1.7999999523162842, 7.599999904632568))
(2, (9.5, 1.5))
(4, (10.5, -0.10000000149011612))

Partition Output for Mapper1
Partition 1
(0, (11.5, -1.899999976158142))
(4, (10.5, -0.10000000149011612))

Partition 2

Partition 3
(2, (7.300000190734863, 2.299999952316284))
(2, (8.5, 2.700000047683716))
(2, (8.300000190734863, 2.9000000953674316))
(2, (9.5, 1.5))

Partition 4
(3, (0.800000011920929, 9.800000190734863))
(3, (-1.600000023841858, 7.400000095367432))
(3, (-1.7000000476837158, 7.5))
(3, (-1.7999999523162842, 7.599999904632568))

Map Output for Mapper1
(3, (0.800000011920929, 9.800000190734863))
(2, (7.300000190734863, 2.299999952316284))
(0, (11.5, -1.899999976158142))
(2, (8.5, 2.700000047683716))
(2, (8.300000190734863, 2.9000000953674316))
(3, (-1.600000023841858, 7.400000095367432))
(3, (-1.7000000476837158, 7.5))
(3, (-1.7999999523162842, 7.599999904632568))
(2, (9.5, 1.5))
(4, (10.5, -0.10000000149011612))

Partition Output for Mapper1
Partition 1
(0, (11.5, -1.899999976158142))
(4, (10.5, -0.10000000149011612))

Partition 2

Partition 3
(2, (7.300000190734863, 2.299999952316284))
(2, (8.5, 2.700000047683716))
(2, (8.300000190734863, 2.9000000953674316))
(2, (9.5, 1.5))

Partition 4
(3, (0.800000011920929, 9.800000190734863))
(3, (-1.600000023841858, 7.400000095367432))
(3, (-1.7000000476837158, 7.5))
(3, (-1.7999999523162842, 7.599999904632568))

Map Output for Mapper1
(3, (0.800000011920929, 9.800000190734863))
(2, (7.300000190734863, 2.299999952316284))
(0, (11.5, -1.899999976158142))
(2, (8.5, 2.700000047683716))
(2, (8.300000190734863, 2.9000000953674316))
(3, (-1.600000023841858, 7.400000095367432))
(3, (-1.7000000476837158, 7.5))
(3, (-1.7999999523162842, 7.599999904632568))
(2, (9.5, 1.5))
(4, (10.5, -0.10000000149011612))

Partition Output for Mapper1
Partition 1
(0, (11.5, -1.899999976158142))
(4, (10.5, -0.10000000149011612))

Partition 2

Partition 3
(2, (7.300000190734863, 2.299999952316284))
(2, (8.5, 2.700000047683716))
(2, (8.300000190734863, 2.9000000953674316))
(2, (9.5, 1.5))

Partition 4
(3, (0.800000011920929, 9.800000190734863))
(3, (-1.600000023841858, 7.400000095367432))
(3, (-1.7000000476837158, 7.5))
(3, (-1.7999999523162842, 7.599999904632568))

Map Output for Mapper1
(3, (0.800000011920929, 9.800000190734863))
(2, (7.300000190734863, 2.299999952316284))
(0, (11.5, -1.899999976158142))
(2, (8.5, 2.700000047683716))
(2, (8.300000190734863, 2.9000000953674316))
(3, (-1.600000023841858, 7.400000095367432))
(3, (-1.7000000476837158, 7.5))
(3, (-1.7999999523162842, 7.599999904632568))
(2, (9.5, 1.5))
(4, (10.5, -0.10000000149011612))

Partition Output for Mapper1
Partition 1
(0, (11.5, -1.899999976158142))
(4, (10.5, -0.10000000149011612))

Partition 2

Partition 3
(2, (7.300000190734863, 2.299999952316284))
(2, (8.5, 2.700000047683716))
(2, (8.300000190734863, 2.9000000953674316))
(2, (9.5, 1.5))

Partition 4
(3, (0.800000011920929, 9.800000190734863))
(3, (-1.600000023841858, 7.400000095367432))
(3, (-1.7000000476837158, 7.5))
(3, (-1.7999999523162842, 7.599999904632568))

Map Output for Mapper1
(3, (0.800000011920929, 9.800000190734863))
(2, (7.300000190734863, 2.299999952316284))
(0, (11.5, -1.899999976158142))
(2, (8.5, 2.700000047683716))
(2, (8.300000190734863, 2.9000000953674316))
(3, (-1.600000023841858, 7.400000095367432))
(3, (-1.7000000476837158, 7.5))
(3, (-1.7999999523162842, 7.599999904632568))
(4, (9.5, 1.5))
(4, (10.5, -0.10000000149011612))

Partition Output for Mapper1
Partition 1
(0, (11.5, -1.899999976158142))
(4, (9.5, 1.5))
(4, (10.5, -0.10000000149011612))

Partition 2

Partition 3
(2, (7.300000190734863, 2.299999952316284))
(2, (8.5, 2.700000047683716))
(2, (8.300000190734863, 2.9000000953674316))

Partition 4
(3, (0.800000011920929, 9.800000190734863))
(3, (-1.600000023841858, 7.400000095367432))
(3, (-1.7000000476837158, 7.5))
(3, (-1.7999999523162842, 7.599999904632568))
