
Map Output for Mapper0
(0, (0.4000000059604645, 7.199999809265137))
(2, (8.100000381469727, 3.4000000953674316))
(2, (8.899999618530273, 0.20000000298023224))
(2, (9.800000190734863, 1.2000000476837158))
(2, (9.699999809265137, 0.800000011920929))
(3, (0.8999999761581421, 9.600000381469727))
(3, (0.699999988079071, 9.899999618530273))
(3, (0.8999999761581421, 9.699999809265137))
(4, (10.800000190734863, -0.6000000238418579))
(4, (11.199999809265137, -1.2000000476837158))
(2, (8.600000381469727, 2.5999999046325684))

Partition Output for Mapper0
Partition 1
(0, (0.4000000059604645, 7.199999809265137))
(4, (10.800000190734863, -0.6000000238418579))
(4, (11.199999809265137, -1.2000000476837158))

Partition 2

Partition 3
(2, (8.100000381469727, 3.4000000953674316))
(2, (8.899999618530273, 0.20000000298023224))
(2, (9.800000190734863, 1.2000000476837158))
(2, (9.699999809265137, 0.800000011920929))
(2, (8.600000381469727, 2.5999999046325684))

Partition 4
(3, (0.8999999761581421, 9.600000381469727))
(3, (0.699999988079071, 9.899999618530273))
(3, (0.8999999761581421, 9.699999809265137))
