(2, (0.4000000059604645, 7.199999809265137))
(2, (0.800000011920929, 9.800000190734863))
(2, (-1.5, 7.300000190734863))
(0, (8.100000381469727, 3.4000000953674316))
(0, (7.300000190734863, 2.299999952316284))
(0, (9.100000381469727, 3.0999999046325684))
(0, (8.5, 2.700000047683716))
(0, (8.300000190734863, 2.9000000953674316))
(2, (0.0, 7.099999904632568))
(2, (0.8999999761581421, 9.600000381469727))
(2, (-1.600000023841858, 7.400000095367432))
(2, (0.30000001192092896, 7.199999809265137))
(2, (0.699999988079071, 9.899999618530273))
(2, (-1.7000000476837158, 7.5))
(2, (0.5, 7.400000095367432))
(2, (0.8999999761581421, 9.699999809265137))
(2, (-1.7999999523162842, 7.599999904632568))
(0, (8.699999809265137, 2.4000000953674316))
(0, (8.600000381469727, 2.5999999046325684))
