
Iteration 1

Map Output for Mapper0
(4, (0.4000000059604645, 7.199999809265137))
(1, (8.100000381469727, 3.4000000953674316))
(1, (8.899999618530273, 0.20000000298023224))
(1, (9.800000190734863, 1.2000000476837158))
(1, (9.699999809265137, 0.800000011920929))
(4, (0.8999999761581421, 9.600000381469727))
(4, (0.699999988079071, 9.899999618530273))
(4, (0.8999999761581421, 9.699999809265137))
(1, (10.800000190734863, -0.6000000238418579))
(1, (11.199999809265137, -1.2000000476837158))
(1, (8.600000381469727, 2.5999999046325684))

Map Output for Mapper1
(4, (0.800000011920929, 9.800000190734863))
(1, (7.300000190734863, 2.299999952316284))
(1, (11.5, -1.899999976158142))
(1, (8.5, 2.700000047683716))
(1, (8.300000190734863, 2.9000000953674316))
(2, (-1.600000023841858, 7.400000095367432))
(3, (-1.7000000476837158, 7.5))
(3, (-1.7999999523162842, 7.599999904632568))
(1, (9.5, 1.5))
(1, (10.5, -0.10000000149011612))

Map Output for Mapper2
(0, (-1.5, 7.300000190734863))
(1, (9.100000381469727, 3.0999999046325684))
(1, (10.199999809265137, 0.5))
(1, (10.300000190734863, -0.30000001192092896))
(4, (0.0, 7.099999904632568))
(4, (0.30000001192092896, 7.199999809265137))
(4, (0.5, 7.400000095367432))
(1, (11.100000381469727, -1.5))
(1, (8.699999809265137, 2.4000000953674316))
(1, (9.300000190734863, 1.899999976158142))

Partition Output for Mapper0
Partition 1
(4, (0.4000000059604645, 7.199999809265137))
(4, (0.8999999761581421, 9.600000381469727))
(4, (0.699999988079071, 9.899999618530273))
(4, (0.8999999761581421, 9.699999809265137))

Partition 2
(1, (8.100000381469727, 3.4000000953674316))
(1, (8.899999618530273, 0.20000000298023224))
(1, (9.800000190734863, 1.2000000476837158))
(1, (9.699999809265137, 0.800000011920929))
(1, (10.800000190734863, -0.6000000238418579))
(1, (11.199999809265137, -1.2000000476837158))
(1, (8.600000381469727, 2.5999999046325684))

Partition 3

Partition 4

Partition Output for Mapper1
Partition 1
(4, (0.800000011920929, 9.800000190734863))

Partition 2
(1, (7.300000190734863, 2.299999952316284))
(1, (11.5, -1.899999976158142))
(1, (8.5, 2.700000047683716))
(1, (8.300000190734863, 2.9000000953674316))
(1, (9.5, 1.5))
(1, (10.5, -0.10000000149011612))

Partition 3
(2, (-1.600000023841858, 7.400000095367432))

Partition 4
(3, (-1.7000000476837158, 7.5))
(3, (-1.7999999523162842, 7.599999904632568))

Partition Output for Mapper2
Partition 1
(0, (-1.5, 7.300000190734863))
(4, (0.0, 7.099999904632568))
(4, (0.30000001192092896, 7.199999809265137))
(4, (0.5, 7.400000095367432))

Partition 2
(1, (9.100000381469727, 3.0999999046325684))
(1, (10.199999809265137, 0.5))
(1, (10.300000190734863, -0.30000001192092896))
(1, (11.100000381469727, -1.5))
(1, (8.699999809265137, 2.4000000953674316))
(1, (9.300000190734863, 1.899999976158142))

Partition 3

Partition 4

Reduce Results for Reducer 0
(0, (-1.5, 7.300000190734863))
(4, (0.5624999962747097, 8.487499952316284))

Reduce Results for Reducer 1
(1, (9.547368501362048, 1.0473684248955626))

Reduce Results for Reducer 2
(2, (-1.600000023841858, 7.400000095367432))

Reduce Results for Reducer 3
(3, (-1.75, 7.549999952316284))

New Centroids:
-1.5, 7.300000190734863
9.547368049621582, 1.0473684072494507
-1.600000023841858, 7.400000095367432
-1.75, 7.550000190734863
0.5625, 8.487500190734863

Iteration 2

Map Output for Mapper0
(4, (0.4000000059604645, 7.199999809265137))
(1, (8.100000381469727, 3.4000000953674316))
(1, (8.899999618530273, 0.20000000298023224))
(1, (9.800000190734863, 1.2000000476837158))
(1, (9.699999809265137, 0.800000011920929))
(4, (0.8999999761581421, 9.600000381469727))
(4, (0.699999988079071, 9.899999618530273))
(4, (0.8999999761581421, 9.699999809265137))
(1, (10.800000190734863, -0.6000000238418579))
(1, (11.199999809265137, -1.2000000476837158))
(1, (8.600000381469727, 2.5999999046325684))

Map Output for Mapper1
(4, (0.800000011920929, 9.800000190734863))
(1, (7.300000190734863, 2.299999952316284))
(1, (11.5, -1.899999976158142))
(1, (8.5, 2.700000047683716))
(1, (8.300000190734863, 2.9000000953674316))
(2, (-1.600000023841858, 7.400000095367432))
(3, (-1.7000000476837158, 7.5))
(3, (-1.7999999523162842, 7.599999904632568))
(1, (9.5, 1.5))
(1, (10.5, -0.10000000149011612))

Map Output for Mapper2
(0, (-1.5, 7.300000190734863))
(1, (9.100000381469727, 3.0999999046325684))
(1, (10.199999809265137, 0.5))
(1, (10.300000190734863, -0.30000001192092896))
(4, (0.0, 7.099999904632568))
(4, (0.30000001192092896, 7.199999809265137))
(4, (0.5, 7.400000095367432))
(1, (11.100000381469727, -1.5))
(1, (8.699999809265137, 2.4000000953674316))
(1, (9.300000190734863, 1.899999976158142))

Partition Output for Mapper0
Partition 1
(4, (0.4000000059604645, 7.199999809265137))
(4, (0.8999999761581421, 9.600000381469727))
(4, (0.699999988079071, 9.899999618530273))
(4, (0.8999999761581421, 9.699999809265137))

Partition 2
(1, (8.100000381469727, 3.4000000953674316))
(1, (8.899999618530273, 0.20000000298023224))
(1, (9.800000190734863, 1.2000000476837158))
(1, (9.699999809265137, 0.800000011920929))
(1, (10.800000190734863, -0.6000000238418579))
(1, (11.199999809265137, -1.2000000476837158))
(1, (8.600000381469727, 2.5999999046325684))

Partition 3

Partition 4

Partition Output for Mapper1
Partition 1
(4, (0.800000011920929, 9.800000190734863))

Partition 2
(1, (7.300000190734863, 2.299999952316284))
(1, (11.5, -1.899999976158142))
(1, (8.5, 2.700000047683716))
(1, (8.300000190734863, 2.9000000953674316))
(1, (9.5, 1.5))
(1, (10.5, -0.10000000149011612))

Partition 3
(2, (-1.600000023841858, 7.400000095367432))

Partition 4
(3, (-1.7000000476837158, 7.5))
(3, (-1.7999999523162842, 7.599999904632568))

Partition Output for Mapper2
Partition 1
(0, (-1.5, 7.300000190734863))
(4, (0.0, 7.099999904632568))
(4, (0.30000001192092896, 7.199999809265137))
(4, (0.5, 7.400000095367432))

Partition 2
(1, (9.100000381469727, 3.0999999046325684))
(1, (10.199999809265137, 0.5))
(1, (10.300000190734863, -0.30000001192092896))
(1, (11.100000381469727, -1.5))
(1, (8.699999809265137, 2.4000000953674316))
(1, (9.300000190734863, 1.899999976158142))

Partition 3

Partition 4

Reduce Results for Reducer 0
(0, (-1.5, 7.300000190734863))
(4, (0.5624999962747097, 8.487499952316284))

Reduce Results for Reducer 1
(1, (9.547368501362048, 1.0473684248955626))

Reduce Results for Reducer 2
(2, (-1.600000023841858, 7.400000095367432))

Reduce Results for Reducer 3
(3, (-1.75, 7.549999952316284))

New Centroids:
-1.5, 7.300000190734863
9.547368049621582, 1.0473684072494507
-1.600000023841858, 7.400000095367432
-1.75, 7.550000190734863
0.5625, 8.487500190734863
