(0, (10.800000054495674, -0.7285714372992516))
(4, (-0.059999996423721315, 7.2399999618530275))
(0, (10.800000054495674, -0.7285714372992516))
(4, (0.04285714668887002, 7.23571423121861))
(0, (10.800000054495674, -0.7285714372992516))
(4, (0.10000000397364299, 7.233333269755046))
(0, (10.800000054495674, -0.7285714372992516))
(4, (0.13636364042758942, 7.23181811246005))
(0, (10.800000054495674, -0.7285714372992516))
(4, (0.16153846566493696, 7.230769157409668))
(0, (10.800000054495674, -0.7285714372992516))
(4, (0.18000000417232515, 7.229999923706055))
