
Map Output for Mapper2
(3, (-1.5, 7.300000190734863))
(2, (9.100000381469727, 3.0999999046325684))
(4, (10.199999809265137, 0.5))
(4, (10.300000190734863, -0.30000001192092896))
(3, (0.0, 7.099999904632568))
(3, (0.30000001192092896, 7.199999809265137))
(3, (0.5, 7.400000095367432))
(0, (11.100000381469727, -1.5))
(2, (8.699999809265137, 2.4000000953674316))
(2, (9.300000190734863, 1.899999976158142))

Partition Output for Mapper2
Partition 1
(4, (10.199999809265137, 0.5))
(4, (10.300000190734863, -0.30000001192092896))
(0, (11.100000381469727, -1.5))

Partition 2

Partition 3
(2, (9.100000381469727, 3.0999999046325684))
(2, (8.699999809265137, 2.4000000953674316))
(2, (9.300000190734863, 1.899999976158142))

Partition 4
(3, (-1.5, 7.300000190734863))
(3, (0.0, 7.099999904632568))
(3, (0.30000001192092896, 7.199999809265137))
(3, (0.5, 7.400000095367432))

Map Output for Mapper2
(3, (-1.5, 7.300000190734863))
(2, (9.100000381469727, 3.0999999046325684))
(4, (10.199999809265137, 0.5))
(4, (10.300000190734863, -0.30000001192092896))
(3, (0.0, 7.099999904632568))
(3, (0.30000001192092896, 7.199999809265137))
(3, (0.5, 7.400000095367432))
(0, (11.100000381469727, -1.5))
(2, (8.699999809265137, 2.4000000953674316))
(2, (9.300000190734863, 1.899999976158142))

Partition Output for Mapper2
Partition 1
(4, (10.199999809265137, 0.5))
(4, (10.300000190734863, -0.30000001192092896))
(0, (11.100000381469727, -1.5))

Partition 2

Partition 3
(2, (9.100000381469727, 3.0999999046325684))
(2, (8.699999809265137, 2.4000000953674316))
(2, (9.300000190734863, 1.899999976158142))

Partition 4
(3, (-1.5, 7.300000190734863))
(3, (0.0, 7.099999904632568))
(3, (0.30000001192092896, 7.199999809265137))
(3, (0.5, 7.400000095367432))

Map Output for Mapper2
(3, (-1.5, 7.300000190734863))
(2, (9.100000381469727, 3.0999999046325684))
(4, (10.199999809265137, 0.5))
(4, (10.300000190734863, -0.30000001192092896))
(3, (0.0, 7.099999904632568))
(3, (0.30000001192092896, 7.199999809265137))
(3, (0.5, 7.400000095367432))
(0, (11.100000381469727, -1.5))
(2, (8.699999809265137, 2.4000000953674316))
(2, (9.300000190734863, 1.899999976158142))

Partition Output for Mapper2
Partition 1
(4, (10.199999809265137, 0.5))
(4, (10.300000190734863, -0.30000001192092896))
(0, (11.100000381469727, -1.5))

Partition 2

Partition 3
(2, (9.100000381469727, 3.0999999046325684))
(2, (8.699999809265137, 2.4000000953674316))
(2, (9.300000190734863, 1.899999976158142))

Partition 4
(3, (-1.5, 7.300000190734863))
(3, (0.0, 7.099999904632568))
(3, (0.30000001192092896, 7.199999809265137))
(3, (0.5, 7.400000095367432))

Map Output for Mapper2
(3, (-1.5, 7.300000190734863))
(2, (9.100000381469727, 3.0999999046325684))
(4, (10.199999809265137, 0.5))
(4, (10.300000190734863, -0.30000001192092896))
(3, (0.0, 7.099999904632568))
(3, (0.30000001192092896, 7.199999809265137))
(3, (0.5, 7.400000095367432))
(0, (11.100000381469727, -1.5))
(2, (8.699999809265137, 2.4000000953674316))
(2, (9.300000190734863, 1.899999976158142))

Partition Output for Mapper2
Partition 1
(4, (10.199999809265137, 0.5))
(4, (10.300000190734863, -0.30000001192092896))
(0, (11.100000381469727, -1.5))

Partition 2

Partition 3
(2, (9.100000381469727, 3.0999999046325684))
(2, (8.699999809265137, 2.4000000953674316))
(2, (9.300000190734863, 1.899999976158142))

Partition 4
(3, (-1.5, 7.300000190734863))
(3, (0.0, 7.099999904632568))
(3, (0.30000001192092896, 7.199999809265137))
(3, (0.5, 7.400000095367432))

Map Output for Mapper2
(3, (-1.5, 7.300000190734863))
(2, (9.100000381469727, 3.0999999046325684))
(4, (10.199999809265137, 0.5))
(4, (10.300000190734863, -0.30000001192092896))
(3, (0.0, 7.099999904632568))
(3, (0.30000001192092896, 7.199999809265137))
(3, (0.5, 7.400000095367432))
(0, (11.100000381469727, -1.5))
(2, (8.699999809265137, 2.4000000953674316))
(2, (9.300000190734863, 1.899999976158142))

Partition Output for Mapper2
Partition 1
(4, (10.199999809265137, 0.5))
(4, (10.300000190734863, -0.30000001192092896))
(0, (11.100000381469727, -1.5))

Partition 2

Partition 3
(2, (9.100000381469727, 3.0999999046325684))
(2, (8.699999809265137, 2.4000000953674316))
(2, (9.300000190734863, 1.899999976158142))

Partition 4
(3, (-1.5, 7.300000190734863))
(3, (0.0, 7.099999904632568))
(3, (0.30000001192092896, 7.199999809265137))
(3, (0.5, 7.400000095367432))

Map Output for Mapper2
(3, (-1.5, 7.300000190734863))
(2, (9.100000381469727, 3.0999999046325684))
(4, (10.199999809265137, 0.5))
(4, (10.300000190734863, -0.30000001192092896))
(3, (0.0, 7.099999904632568))
(3, (0.30000001192092896, 7.199999809265137))
(3, (0.5, 7.400000095367432))
(0, (11.100000381469727, -1.5))
(2, (8.699999809265137, 2.4000000953674316))
(2, (9.300000190734863, 1.899999976158142))

Partition Output for Mapper2
Partition 1
(4, (10.199999809265137, 0.5))
(4, (10.300000190734863, -0.30000001192092896))
(0, (11.100000381469727, -1.5))

Partition 2

Partition 3
(2, (9.100000381469727, 3.0999999046325684))
(2, (8.699999809265137, 2.4000000953674316))
(2, (9.300000190734863, 1.899999976158142))

Partition 4
(3, (-1.5, 7.300000190734863))
(3, (0.0, 7.099999904632568))
(3, (0.30000001192092896, 7.199999809265137))
(3, (0.5, 7.400000095367432))
